30326535
30326358
30325700
30325063
30324639
30324556
30324539
30323776
30323774
30323635
30323576
30323122
30322824
30322503
30322334
30322314
30321873
30320964
30320438
30319709
30319459
30319341
30318942
30318722
30317688
30316998
30316721
30316630
30316199
30315433
30314604
30314515
30312914
30312634
30312490
30312485
30312108
30311416
30311320
30311317
30311279
30310945
30310285
30310078
30309992
30309804
30309389
30309245
30309019
30308952
30308695
30308474
30307783
30307266
30306671
30306618
30306495
30306259
30305450
30305443
30305148
30304442
30304337
30304241
30303888
30303861
30303308
30303187
30302925
30302537
30302516
30302317
30302053
30301955
30301823
30301704
30301448
30301428
30300818
30300732
30300463
30300379
30299334
30299333
30298927
30298793
30298566
30296954
30296883
30296504
30296038
30295645
30295108
30295107
30294986
30294979
30294906
30294765
30294451
30294448
